112.876923 234
106.400000 113.250000 104.350000 104.700000 114.500000 103.350000 117.900000 121.500000 117.700000 113.850000 112.550000 117.700000 105.000000 98.500000 108.700000 124.100000 102.400000 118.200000 105.050000 128.750000 112.000000 121.500000 114.250000 116.400000 123.600000 119.150000 103.500000 100.300000 108.500000 129.750000 98.900000 107.850000 121.600000 106.150000 114.600000 111.500000 115.600000 111.150000 111.050000 110.800000 112.950000 110.650000 105.100000 121.450000 108.650000 114.300000 114.900000 109.550000 105.900000 111.550000 120.500000 112.750000 113.500000 112.400000 104.350000 117.150000 112.500000 120.500000 108.350000 109.600000 124.850000 116.900000 111.650000 99.900000 108.400000 106.750000 115.750000 109.850000 108.000000 100.450000 120.300000 121.700000 119.700000 110.350000 117.550000 111.150000 111.500000 101.750000 104.900000 121.200000 112.950000 112.400000 113.600000 112.400000 107.350000 103.800000 110.300000 107.300000 123.300000 111.150000 107.300000 112.150000 110.800000 115.800000 114.000000 124.300000 112.050000 117.500000 116.850000 111.700000 138.950000 107.650000 113.400000 103.550000 115.300000 108.200000 102.500000 108.600000 106.200000 110.750000 97.150000 109.800000 117.350000 102.100000 111.850000 108.900000 107.650000 110.400000 113.400000 107.400000 114.700000 102.300000 110.200000 104.400000 114.650000 106.750000 112.700000 105.300000 110.650000 106.500000 117.500000 105.500000 106.750000 112.450000 112.900000 109.750000 112.850000 114.600000 118.700000 110.700000 107.950000 106.400000 119.650000 123.550000 113.050000 107.150000 121.100000 112.000000 116.750000 107.400000 121.000000 114.350000 110.600000 107.950000 112.100000 132.350000 110.950000 118.900000 111.650000 124.000000 104.500000 103.950000 124.300000 111.950000 109.300000 115.300000 120.400000 103.050000 111.200000 115.600000 110.150000 113.900000 112.750000 108.250000 125.050000 115.450000 119.450000 106.300000 106.700000 112.600000 116.550000 111.050000 108.550000 109.500000 110.550000 108.550000 99.850000 118.950000 123.000000 121.600000 113.000000 116.900000 114.650000 115.900000 110.150000 115.150000 125.700000 114.500000 109.850000 115.950000 121.900000 116.450000 107.700000 134.600000 114.750000 123.750000 120.250000 116.050000 119.950000 114.500000 122.200000 119.450000 112.400000 106.000000 109.350000 110.000000 123.800000 112.000000 114.750000 111.100000 108.100000 98.350000 113.400000 112.050000 119.450000 118.400000 117.750000 120.450000 117.150000 124.150000 109.950000 104.650000 120.200000 115.550000 
127.995270 222
123.550000 137.100000 129.550000 133.000000 128.150000 135.200000 131.450000 118.500000 132.800000 130.700000 141.000000 125.300000 122.500000 131.800000 143.250000 120.750000 122.700000 130.950000 129.150000 119.450000 131.200000 127.650000 133.800000 131.550000 128.350000 113.850000 116.950000 122.750000 130.200000 136.650000 120.950000 114.750000 124.600000 115.650000 123.200000 132.150000 128.050000 123.050000 123.700000 131.450000 135.800000 136.050000 135.650000 123.500000 113.050000 130.100000 124.000000 134.650000 109.650000 110.000000 116.450000 130.500000 130.400000 123.100000 135.400000 117.600000 118.950000 127.000000 115.800000 126.300000 117.250000 146.800000 119.350000 130.250000 117.550000 123.550000 122.600000 119.200000 124.750000 113.650000 128.450000 144.000000 128.200000 126.650000 126.200000 123.200000 126.550000 124.750000 130.250000 128.550000 124.750000 123.700000 117.800000 122.950000 147.150000 122.450000 117.650000 128.900000 132.150000 131.500000 125.250000 110.650000 125.050000 112.200000 107.800000 131.750000 121.450000 120.950000 122.500000 136.550000 115.050000 131.300000 129.700000 126.100000 126.650000 136.750000 131.500000 117.900000 128.200000 124.800000 147.100000 118.000000 135.800000 141.800000 133.100000 126.150000 139.800000 127.750000 133.050000 131.800000 132.050000 130.900000 119.000000 126.050000 119.900000 119.650000 132.100000 135.700000 132.750000 139.350000 128.350000 124.900000 125.850000 122.050000 128.400000 120.700000 129.350000 131.900000 127.850000 118.100000 121.500000 115.750000 143.850000 126.050000 137.300000 133.200000 123.550000 118.050000 144.450000 131.400000 129.800000 137.300000 118.350000 127.900000 131.200000 125.050000 139.250000 136.050000 136.950000 129.800000 128.250000 129.150000 133.600000 134.750000 139.250000 139.700000 136.000000 130.750000 122.200000 124.450000 134.250000 130.850000 119.100000 135.900000 135.700000 123.100000 128.950000 132.000000 140.600000 129.000000 139.750000 121.950000 134.500000 132.900000 123.950000 117.200000 135.100000 116.150000 134.450000 144.050000 133.200000 121.300000 126.800000 128.550000 127.300000 133.050000 127.200000 133.950000 130.750000 125.450000 132.200000 141.150000 122.450000 116.050000 123.750000 119.950000 137.650000 129.400000 126.950000 120.850000 136.950000 126.750000 121.950000 124.450000 136.950000 134.100000 130.250000 129.100000 144.350000 130.950000 131.750000 131.750000 
0.000000 0

0.000000 0

0.000000 0

0.000000 0

